7 22 22 22 7 2 2 2 2 2 p
1 2 11 11 11 11 6 1 1 1 4
1 1 1 1 5 1 1 11 11 11 h
1 1 1 1 1 1 1 1 1 6 l
7 1 1 2 2 2 2 2 2 2 7
4 11 1 11 5 1 1 1 1 3 9
4 11 1 1 1 1 1 1 11 4 c
3 1 1 1 1 1 1 11 11 3 j
22 22 22 4 2 2 2 2 2 2 y
8 2 2 2 2 2 2 2 2 2 7
6 1 1 1 5 1 1 1 11 4 5
22 22 22 21 222 222 222 8 23 22 w
4 22 21 2 2 2 2 21 22 5 c
4 2 2 2 2 2 2 12 22 3 j
2 2 21 4 2 2 2 2 2 2 y
8 2 2 2 2 2 2 2 2 2 7
11 11 11 11 6 11 11 11 11 11 h
11 11 11 11 6 11 11 11 11 1 h
11 11 11 11 2 2 11 11 11 11 k
22 22 22 22 22 22 22 22 22 4 u
22 22 21 2 2 1 4 21 22 22 x
3 1 1 1 5 11 11 11 11 4 6
11 11 1 11 11 1 1 1 1 1 y
22 22 22 22 22 22 4 4 2 2 v
5 22 21 2 2 2 2 21 22 5 c
2 3 4 2 2 2 2 2 2 6 1
4 11 11 11 11 11 11 11 11 4 d
22 22 22 22 222 222 222 8 33 22 w
12 22 42 32 22 222 24 23 211 22 n
22 22 22 21 8 22 22 21 22 22 h
11 11 11 111 111 111 111 1111 1111 11 w
6 22 22 22 6 22 22 22 22 6 b
22 22 22 4 2 2 4 22 22 22 x
6 22 22 22 22 22 22 22 22 6 d
4 12 22 22 22 22 22 22 22 6 d
22 22 22 22 22 22 22 22 22 4 u
11 21 21 111 111 111 111 12 12 11 n
5 21 2 2 3 2 2 2 22 5 3
7 2 2 23 32 2 2 22 22 4 5
11 11 11 111 111 111 111 1111 1111 11 w
6 1 1 1 22 1 1 1 11 4 5
4 1 11 1 2 1 1 1 1 4 2
4 22 21 2 23 31 21 22 22 4 6
6 1 1 1 1 1 1 1 1 1 7
7 22 22 22 6 5 22 22 22 22 r
2 4 22 22 22 22 8 22 22 22 a
21 21 21 4 2 2 2 2 2 2 y
11 11 11 11 6 11 11 11 11 11 h
7 22 22 22 7 1 1 2 2 2 p
2 2 2 2 2 2 2 1 2 7 ;
4 11 11 11 22 1 1 1 1 3 9
3 1 1 1 1 1 1 11 11 3 j
22 22 22 22 22 22 22 22 22 4 u
1 2 11 1 1 1 1 1 1 5 1
11 11 11 11 11 1 1 1 1 1 y
12 22 22 2 2 2 2 2 2 7 2
11 11 11 11 11 11 11 11 1 1 v
11 1 1 1 1 1 1 11 11 3 j
22 33 8 222 222 222 22 21 21 22 m
2 3 4 2 2 2 2 2 2 6 1
12 23 8 222 222 222 22 22 22 22 m
6 22 22 22 6 22 22 22 22 6 b
4 11 11 11 4 11 11 11 11 4 8
1 1 1 1 1 1 1 1 1 6 l
2 11 11 11 11 6 11 11 11 11 a
11 11 11 11 2 2 11 11 11 11 k
1 1 1 1 1 1 1 1 1 6 l
11 11 11 1 11 1 1 1 1 1 y
32 21 22 22 6 22 22 22 22 41 b
2 3 4 2 2 2 2 2 2 6 1
11 11 11 11 11 11 11 11 11 4 u
1 1 1 1 1 1 1 1 1 6 l
22 33 8 222 222 221 22 22 22 22 m
4 11 11 1 2 1 1 1 1 6 2
11 11 11 11 2 2 11 11 11 11 x
1 1 1 1 1 1 1 1 1 22 l
6 22 22 22 6 22 22 22 22 6 b
6 22 22 22 6 22 21 21 22 6 b
4 22 22 22 23 32 2 12 22 4 9
7 2 2 23 32 2 2 22 22 4 5
22 22 22 22 22 22 22 22 22 4 u
1 11 22 22 7 22 22 22 22 22 h
7 2 2 23 32 2 2 22 22 4 5
4 11 11 11 11 11 11 1 1 4 d
6 22 12 12 5 22 22 22 22 6 b
5 22 21 2 1 2 2 21 22 13 c
4 2 2 2 2 2 2 12 22 3 j
2 2 2 2 2 2 2 2 2 7 l
7 22 22 21 7 5 22 12 21 21 r
4 22 21 2 23 32 22 22 22 4 6
2 2 22 22 22 22 22 22 22 4 u
11 11 11 11 6 11 11 11 11 11 h
22 22 22 22 222 222 222 8 33 22 w
22 33 8 222 222 221 22 22 22 22 m
22 22 12 12 22 22 22 22 22 4 u
2 3 4 21 21 21 6 1 1 1 4
2 2 4 22 22 22 8 2 1 2 4
3 1 1 1 5 11 11 11 11 4 6
7 22 22 12 7 5 22 22 22 22 r
4 11 11 11 11 11 11 11 11 4 d
3 1 1 1 5 11 11 11 11 4 6
3 1 1 1 1 1 1 11 11 3 j
22 21 22 22 8 22 22 22 22 22 h
2 3 4 21 21 21 6 1 1 1 4
6 1 1 1 5 1 1 1 11 4 5
4 11 1 1 1 1 1 1 11 4 c
11 22 22 1111 1111 111 111 11 11 1 m
11 11 11 111 111 111 111 1111 1111 11 w
3 1 1 1 5 11 11 11 11 3 6
1 1 1 1 1 1 1 1 1 6 l
7 22 22 22 7 5 22 22 22 22 r
3 1 1 1 5 11 11 11 11 4 6
11 11 11 11 2 2 11 11 11 11 x
22 2 2 2 222 212 222 8 33 22 w
22 22 22 4 2 2 4 22 21 21 x
4 11 1 1 1 1 1 1 11 4 c
7 1 1 1 1 1 1 1 1 1 t
22 22 22 22 4 4 22 22 21 21 k
22 22 22 4 2 1 1 2 2 2 y
2 11 11 11 11 6 11 11 11 11 a
13 1 1 11 5 11 11 11 11 11 r
22 22 22 21 221 221 221 7 32 21 w
22 22 22 22 4 4 22 22 22 22 k
2 3 4 2 2 2 2 2 2 6 1
3 1 1 1 5 11 11 11 11 12 6
7 22 22 21 7 2 2 2 2 2 p
11 22 22 1111 1111 111 111 11 11 11 m
11 11 11 1 5 11 11 11 11 11 h
6 1 1 1 1 1 1 1 1 1 7
7 2 2 23 32 2 2 22 22 4 5
5 22 2 1 2 1 2 2 22 5 3
1 11 11 11 6 11 11 11 11 11 h
31 1 1 1 5 1 1 1 11 4 5
4 22 22 22 4 22 22 22 22 4 8
22 21 22 22 4 4 22 22 22 22 k
22 22 22 4 2 2 2 2 2 2 y
6 1 1 1 1 1 1 1 1 1 7
5 11 11 11 5 11 11 11 11 5 b
8 2 2 2 2 2 2 2 2 2 7
22 22 22 22 22 22 4 4 2 2 v
22 22 22 3 2 2 11 22 22 22 x
4 2 2 2 2 2 2 12 22 3 j
1 1 1 1 1 1 1 1 1 6 l
11 11 11 11 2 2 11 11 11 11 x
4 11 1 1 1 1 1 1 11 4 c
2 4 22 22 22 21 8 22 22 22 a
11 11 11 11 11 111 111 1111 1111 11 w
5 11 11 1 5 1 1 1 1 1 p
11 11 11 11 1 1 11 11 11 11 x
22 22 22 22 8 22 22 22 22 22 h
2 4 22 21 21 21 7 21 2 21 a
11 22 12 111 1111 111 111 11 11 11 m
2 3 4 2 2 2 2 2 1 6 1
4 22 22 22 23 32 2 12 22 11 9
4 22 21 2 2 2 2 1 2 8 2
5 11 11 11 5 11 11 11 11 5 b
11 21 21 111 111 111 111 2 12 11 n
11 11 11 1 11 111 111 111 1111 11 w
6 2 2 2 2 2 2 1 2 2 7
4 11 11 1 2 1 1 1 1 6 2
1 1 1 1 1 1 1 1 1 6 l
2 3 22 22 22 22 33 22 22 22 a
22 22 22 22 22 21 4 4 2 2 v
4 22 22 1 2 2 2 2 2 8 2
2 2 2 2 2 2 2 2 2 7 l
22 33 8 222 222 222 22 22 22 22 m
22 22 22 22 22 22 21 22 22 4 u
6 22 22 21 6 21 2 1 21 6 b
11 11 11 11 6 11 11 11 11 11 h
7 22 22 12 24 5 22 21 22 22 r
6 22 22 2 2 2 2 2 21 6 d
11 11 11 111 111 111 111 1111 1111 11 w
11 11 11 11 6 11 11 11 11 11 h
22 22 22 21 222 222 222 7 33 22 w
4 22 22 2 2 2 2 2 2 8 2
11 11 11 111 111 111 111 1111 1111 11 w
7 1 1 1 1 1 1 1 1 1 t
22 22 22 22 22 22 22 22 22 4 u
11 22 21 1 2 2 2 2 2 8 2
4 11 11 11 5 11 11 11 11 11 r
1 1 1 1 1 1 1 1 1 6 l
2 3 4 2 2 2 2 2 2 6 1
3 1 1 1 1 1 1 11 11 3 j
5 22 21 2 2 2 2 21 22 5 c
5 12 21 2 2 2 2 21 22 5 c
8 2 2 2 2 1 2 2 2 2 t
21 22 22 22 222 222 222 8 33 22 w
2 12 22 22 22 22 8 22 22 21 a
22 22 22 4 2 2 2 2 2 2 y
3 1 1 1 5 11 11 11 11 4 6
22 22 22 22 4 4 22 22 22 22 k
22 33 8 22 22 22 2 2 2 2 m
4 22 21 2 23 32 22 22 22 2 6
11 21 21 111 111 11 111 12 12 11 n
4 22 21 2 13 32 22 22 22 4 6
4 2 2 2 2 2 2 2 1 3 j
11 11 11 11 11 11 11 11 1 1 v
7 1 1 1 1 1 1 1 1 1 t
4 11 11 11 4 11 11 11 11 11 8
11 11 11 11 11 11 11 11 11 4 u
1 1 1 1 1 1 1 1 1 6 l
1 2 1 1 1 1 1 1 1 4 1
11 21 21 111 111 111 111 12 12 11 n
2 3 4 2 2 2 2 2 2 6 1
11 11 11 11 6 11 11 11 1 11 h
7 1 1 1 1 1 1 1 1 1 t
4 22 22 22 4 22 22 22 22 4 8
3 11 11 11 4 11 11 11 11 4 8
11 11 11 11 6 11 11 11 11 11 h
1 2 11 1 1 1 1 1 1 5 1
2 3 4 22 22 22 7 2 2 2 4
11 22 22 111 111 11 111 11 1 1 m
22 32 42 42 222 222 24 23 23 22 n
7 2 2 23 32 2 2 22 22 4 5
2 3 4 2 2 2 2 2 2 6 1
2 3 4 2 2 2 2 2 2 14 1
22 33 8 222 122 122 22 22 22 22 m
11 11 11 11 11 11 11 11 11 12 u
1 2 11 11 11 11 6 1 1 1 4
3 1 1 1 1 1 1 11 11 3 j
7 22 22 22 7 2 2 2 2 2 p
4 22 21 21 22 31 2 12 22 4 9
11 22 22 1111 111 111 111 11 11 11 m
4 11 11 11 4 11 11 11 11 4 8
22 22 2 2 222 222 122 8 33 22 w
7 22 22 22 7 2 2 2 2 2 p
22 22 22 4 2 2 2 2 2 2 y
7 22 22 2 7 5 22 22 22 22 r
2 4 22 21 21 22 8 22 22 22 a
5 11 11 11 5 11 11 11 11 11 r
1 2 11 11 11 11 5 1 1 1 4
6 22 22 22 22 22 22 22 22 6 d
4 22 22 22 4 22 22 22 22 12 8
11 22 22 1111 1111 111 111 11 11 11 m
11 11 11 11 11 11 11 1 1 1 v
1 1 1 1 1 1 1 1 1 14 l
42 22 22 22 7 5 22 22 22 22 r
6 22 22 22 22 22 22 22 22 6 d
4 11 11 11 5 1 1 1 1 3 9
4 11 1 1 1 1 1 1 1 4 c
6 22 22 22 22 22 21 22 22 6 d
4 11 11 11 5 1 1 1 1 3 9
5 1 1 11 5 1 1 1 1 1 p
6 22 22 22 22 22 22 12 12 6 d
11 11 11 11 6 11 11 11 11 11 h
6 1 1 1 5 1 1 1 11 4 5
4 1 1 1 1 1 1 1 11 4 c
7 2 2 11 112 2 2 22 22 4 5
3 2 2 2 2 2 2 12 22 3 j
3 1 1 1 5 11 11 11 11 12 6
1 2 11 1 1 1 1 1 1 5 1
22 22 22 4 2 2 4 22 22 22 x
5 11 11 11 5 1 1 1 1 1 p
22 2 2 22 222 222 222 8 33 22 w
22 22 22 22 8 22 22 22 22 22 h
4 22 21 2 23 32 22 22 22 4 6
6 22 21 22 6 21 22 22 22 6 b
4 22 22 21 4 21 21 21 22 4 8
22 12 22 22 22 21 4 3 2 2 v
8 2 2 2 2 2 2 2 2 2 t
22 22 22 22 22 22 4 4 2 2 v
4 11 11 11 5 11 11 11 11 4 b
4 11 11 11 4 11 11 11 11 4 8
11 11 11 11 6 11 11 11 11 11 h
3 1 1 1 5 11 11 11 11 4 6
22 22 22 22 222 222 222 8 33 22 w
41 22 22 22 7 5 22 22 22 22 r
3 1 1 1 5 11 11 11 11 4 6
4 11 11 11 21 1 1 1 1 3 9
11 22 22 1111 1111 11 111 11 11 11 m
3 1 1 1 5 11 11 11 11 4 6
4 11 11 11 31 1 1 1 1 3 9
1 2 11 1 1 1 1 1 1 5 1
22 22 22 22 212 122 122 8 33 22 w
22 22 22 4 2 2 4 22 22 22 x
2 2 2 2 2 2 2 2 2 7 l
5 11 11 11 5 1 11 11 11 1 r
12 21 21 2 23 32 22 22 22 4 6
22 22 22 22 22 22 4 3 2 2 v
2 3 3 22 22 22 8 2 2 2 4
11 11 11 11 11 11 11 11 1 1 v
41 22 22 22 6 22 22 22 22 6 b
5 22 2 2 3 2 2 2 22 5 3
12 11 11 1 2 1 1 1 1 6 2
1 1 1 1 1 1 1 1 1 6 l
5 22 21 2 2 2 2 21 22 5 c
2 11 11 11 11 6 11 11 11 11 a
2 2 2 2 2 1 2 2 2 32 l
5 11 1 11 5 11 11 11 11 5 b
2 3 4 2 2 2 2 2 2 6 1
5 11 11 11 5 11 11 11 11 11 r
7 1 1 1 1 1 1 1 1 1 t
6 22 22 22 6 22 22 22 22 31 b
7 2 2 23 32 2 2 22 22 4 5
4 2 2 1 1 1 1 11 22 3 j
12 32 42 42 222 222 24 23 23 22 n
22 22 22 22 4 4 21 22 22 22 k
4 2 21 2 2 2 2 21 22 5 c
2 2 2 2 2 2 2 2 2 7 l
52 2 2 2 2 2 2 2 2 2 t
1 1 1 1 1 1 1 1 1 6 l
22 22 22 22 8 22 11 22 21 21 h
2 3 4 2 2 2 2 2 2 6 1
11 11 11 11 11 11 11 11 1 1 v
3 1 1 1 1 1 1 11 11 3 j
4 22 2 2 23 32 22 22 22 4 6
22 22 22 4 2 2 4 22 22 22 x
11 11 11 11 11 111 111 1111 1111 11 w
5 1 1 1 4 1 1 1 11 4 5
22 22 22 22 222 222 222 61 33 22 w
8 2 2 2 2 2 2 2 2 2 t
12 22 22 22 222 222 222 8 33 22 w
4 22 21 2 22 32 22 22 22 4 6
5 22 2 2 3 2 2 2 22 5 3
2 3 4 2 2 2 2 2 2 6 1
22 22 22 22 4 4 22 22 22 21 k
11 1 11 11 11 11 11 11 11 4 u
11 11 11 11 11 11 11 1 1 1 v
22 22 21 21 8 22 22 22 22 22 h
21 22 22 22 4 4 21 22 22 22 k
11 11 11 111 111 111 111 1111 1111 11 w
2 11 11 11 11 6 11 11 11 11 a
22 22 22 22 222 222 222 8 33 22 w
2 3 4 12 22 22 8 2 2 2 4
11 22 22 1111 1111 111 111 11 11 11 m
2 3 3 1 2 2 2 2 2 21 1
8 2 2 2 2 2 2 2 2 2 t
6 1 1 1 5 1 1 1 11 4 5
5 1 11 11 5 1 1 1 1 1 p
6 22 22 22 6 22 22 22 22 5 b
1 2 11 11 11 11 6 1 1 1 4
3 1 1 1 1 1 1 1 21 3 j
1 11 1 11 11 1 1 1 1 1 y
22 33 8 222 222 222 22 22 22 22 m
6 22 22 22 6 22 22 22 22 6 b
11 22 22 1111 1111 111 111 11 11 11 m
1 1 11 11 11 1 1 1 1 1 y
7 22 22 22 7 5 22 22 22 22 r
7 2 2 23 32 2 2 22 21 2 5
11 11 11 11 11 11 11 11 11 21 u
22 33 42 212 222 222 22 22 22 22 m
5 11 11 11 5 11 11 11 11 5 b
8 2 2 2 2 2 2 2 2 2 t
5 11 11 11 5 1 1 1 1 1 p
21 22 22 22 22 22 4 4 2 1 v
11 22 22 1111 1111 111 111 11 11 11 m
11 11 11 111 111 111 111 1111 1111 11 w
11 11 11 11 11 11 11 11 1 1 v
4 22 21 2 23 32 22 22 22 4 6
22 22 22 4 2 2 4 22 22 22 x
4 11 11 1 3 1 1 11 11 2 3
1 11 1 1 11 11 11 11 1 1 v
4 2 2 2 2 2 2 12 22 3 j
12 11 1 1 11 11 11 11 11 4 d
2 4 22 22 22 22 8 22 22 12 a
1 2 11 1 1 1 1 1 1 5 1
8 1 1 2 2 2 2 2 2 2 t
22 22 22 12 122 222 222 8 33 22 w
4 1 11 11 4 11 11 11 11 4 8
11 11 11 111 111 111 111 1111 1111 11 w
5 11 11 11 5 11 11 11 11 5 b
21 22 22 22 222 222 222 8 33 22 w
11 11 11 111 111 111 111 1111 1111 11 w
5 11 11 11 5 1 1 1 1 1 p
2 4 22 22 22 22 8 22 12 22 a
7 0 1 1 1 1 1 1 1 1 t
11 11 11 11 11 11 11 11 1 1 v
3 1 1 1 1 1 1 11 11 3 j
4 11 1 1 2 1 1 1 1 6 2
6 22 22 22 6 22 22 22 22 6 b
4 22 22 22 6 22 22 22 22 6 b
5 11 11 11 5 1 1 1 1 1 p
2 2 2 2 2 2 2 2 2 33 l
4 22 22 22 12 22 22 22 22 4 8
11 11 11 111 11 11 11 111 111 11 w
2 4 22 22 22 22 8 22 22 22 a
21 22 22 4 2 2 4 2 22 22 x
11 11 11 111 111 111 111 1111 1111 11 w
4 2 2 2 2 2 2 12 22 2 j
11 11 11 11 11 1 1 1 1 1 y
11 11 11 11 11 1 11 11 1 1 v
7 1 1 1 1 1 1 1 1 1 t
4 22 21 2 23 32 22 22 22 4 6
8 2 2 2 2 2 2 2 2 2 7
42 211 211 211 111 213 211 211 1211 211 w
42 211 211 211 111 213 211 211 1211 211 w
5 22 2 2 2 2 2 2 22 5 3
2 3 4 2 2 2 2 2 2 6 1
5 22 2 2 3 2 2 2 22 5 3
5 11 11 11 3 11 11 11 11 31 b
7 22 22 22 42 5 22 22 22 22 r
2 11 11 11 11 6 11 11 11 11 a
1 1 1 1 1 1 1 1 1 6 l
2 11 11 11 11 6 11 11 11 11 a
4 11 11 1 3 1 1 11 11 4 3
4 11 11 11 5 11 11 11 11 3 b
7 22 21 22 7 2 2 2 2 2 p
4 22 21 22 4 22 22 22 12 4 8
11 11 11 11 2 2 11 1 11 11 x
11 11 11 111 111 111 111 1111 1111 11 w
5 11 11 1 4 1 11 11 11 5 b
22 12 22 4 2 2 2 2 2 2 y
11 11 11 11 6 11 11 11 11 11 h
5 22 2 2 3 1 2 2 22 5 3
2 2 2 2 2 2 2 2 2 7 l
11 22 22 1111 1111 111 111 11 11 11 m
22 22 22 12 22 2 4 4 2 2 v
6 22 22 22 22 22 22 22 22 6 d
8 2 2 2 2 2 2 2 2 2 7
4 22 21 21 22 31 1 12 22 4 9
7 22 22 21 7 2 2 2 2 2 p
2 2 2 2 2 2 2 2 2 7 l
1 11 11 11 11 11 11 11 1 1 v
1 1 1 1 5 11 11 11 11 4 6
22 22 22 22 12 22 221 8 33 22 w
4 22 22 22 4 22 22 22 22 4 8
4 11 11 1 3 1 1 11 11 4 3
11 22 22 1111 1111 111 111 11 11 11 m
6 1 1 1 1 1 1 1 1 1 7
4 11 1 1 1 1 1 1 11 4 c
22 22 22 4 2 2 2 2 2 2 y
1 11 11 11 11 1 1 1 1 1 y
2 11 11 11 11 41 11 11 11 11 a
5 11 11 11 5 1 1 1 1 1 p
11 11 11 111 111 111 111 1111 1111 11 w
21 11 11 11 11 11 11 11 11 4 d
5 22 2 2 3 1 0 0 21 5 3
4 22 21 2 23 31 22 22 22 4 6
211 1 1 1 22 0 0 0 1 4 5
1 1 11 111 111 111 111 1111 1111 11 w
6 1 1 1 5 1 1 1 11 4 5
11 21 21 111 111 111 111 12 12 11 n
1 11 11 11 2 2 11 11 11 11 k
11 11 11 11 2 2 11 11 11 11 k
22 22 22 21 221 221 221 7 32 21 w
7 22 22 22 7 5 22 21 2 12 r
3 1 1 0 1 1 1 11 11 3 j
6 1 1 1 4 1 1 1 11 4 5
22 22 22 21 221 222 222 61 33 22 w
22 22 22 4 2 2 2 2 2 2 y
5 22 1 0 2 2 2 2 22 5 3
5 11 11 11 5 11 11 11 11 5 b
22 22 22 22 22 22 4 4 2 2 v
22 22 42 42 222 22 23 23 23 22 n
6 22 22 22 6 22 22 22 22 6 b
11 11 11 11 6 11 11 11 11 11 h
4 11 1 11 5 1 1 1 1 3 9
6 22 22 22 22 22 22 22 22 6 d
2 3 4 2 2 2 2 2 2 6 1
4 11 1 1 4 11 11 11 11 4 6
11 11 11 11 2 2 11 11 11 1 x
22 22 22 11 4 3 22 22 22 22 k
22 22 22 4 2 2 2 2 2 2 y
22 22 22 22 222 222 222 8 33 22 w
11 11 11 11 6 11 11 11 11 11 h
22 22 22 22 22 22 2 12 22 4 u
6 1 1 1 1 1 0 0 1 1 7
4 1 11 11 5 0 0 1 1 3 9
11 11 11 11 6 11 11 11 11 11 h
4 22 22 22 4 22 22 21 22 4 8
2 1 11 11 11 14 11 11 11 11 a
2 2 2 2 2 2 2 2 2 7 l
5 11 11 11 5 1 1 1 1 1 p
21 22 22 22 22 22 4 2 1 2 y
2 2 22 21 11 21 21 21 22 4 u
4 11 11 11 11 11 11 11 11 4 d
5 11 11 11 5 11 11 11 11 11 r
11 11 11 11 2 2 11 11 11 11 k
5 22 21 2 2 2 2 21 12 5 c
44 2222 2222 2222 422 2232 222 2212 2222 24 8
44 2222 2222 2222 422 2232 222 2212 2222 24 h
11 11 11 11 6 11 11 11 11 11 9
6 12 22 22 6 22 22 22 22 6 b
5 11 11 11 5 1 1 1 1 1 p
22 32 42 41 222 222 24 23 23 22 n
11 21 1 111 111 111 111 12 12 11 n
1 2 11 11 11 11 6 1 1 1 4
2122 2122 2222 2222 78 2221 2221 2212 2222 2222 h
2122 2122 2222 2222 78 2221 2221 2212 2222 2222 5
7 2 2 23 32 1 1 21 22 4 h
11 11 11 111 111 111 111 1111 1111 11 w
21 22 22 4 2 2 4 22 22 22 x
22 22 22 22 222 222 222 8 33 22 w
7 2 2 23 32 2 2 22 22 4 5
5 22 2 2 3 2 1 1 22 3 3
5 11 11 11 5 11 11 11 11 11 r
22 12 22 22 22 21 21 22 22 4 u
4 1 11 1 3 1 0 11 11 4 3
21 22 22 4 2 2 4 22 22 22 x
5 22 2 2 3 2 2 2 22 5 3
22 22 22 22 4 4 22 22 22 22 k
4 2 2 2 2 0 0 12 22 3 j
2 4 2 21 22 22 8 22 22 22 a
2 3 4 2 2 2 2 2 2 6 1
11 11 11 11 2 2 11 11 11 11 x
11 11 11 11 6 11 11 11 11 11 h
4 11 1 1 1 1 0 0 11 4 c
3 1 1 1 5 11 11 11 11 4 6
5 11 11 11 5 11 11 11 11 11 r
22 22 22 22 4 4 22 22 22 22 k
11 11 11 11 11 11 11 11 11 4 u
11 21 21 111 111 111 111 12 12 1 n
3 1 1 1 0 1 1 11 11 3 j
8 2 2 2 2 2 2 2 1 2 7
11 11 11 11 11 11 11 11 11 4 u
1 1 11 11 2 2 11 11 11 11 x
5 11 11 11 5 11 11 11 11 5 b
22 22 21 22 3 11 22 22 22 22 k
3 1 1 1 1 1 1 11 11 3 j
5 11 11 11 5 11 11 11 11 11 r
11 11 11 111 111 111 111 1111 1111 11 w
11 1 11 11 2 2 11 11 11 11 x
22 22 22 4 2 2 4 22 22 22 x
6 22 22 22 6 22 22 22 22 6 b
11 11 11 11 11 11 11 11 11 4 u
4 11 11 1 2 1 1 1 1 6 2
1 2 11 1 1 1 1 1 1 5 1
5 11 11 11 5 11 11 11 11 5 b
7 22 22 22 7 2 1 2 2 2 p
7 2 2 23 32 1 2 22 22 4 5
3 1 0 1 5 11 11 11 11 4 6
4 11 1 1 1 1 1 1 11 4 c
5 22 21 2 2 2 2 21 22 4 c
11 11 11 1 2 2 11 11 11 11 x
11 11 11 11 11 1 1 1 1 1 y
4 22 21 2 23 32 22 22 22 4 6
2 4 22 22 21 21 7 22 21 21 a
4 11 11 11 4 11 11 1 11 4 3
6 22 22 22 22 22 22 22 22 6 d
1 3 4 22 22 22 8 2 2 2 4
11 11 11 11 2 1 11 11 11 1 x
22 22 22 22 222 222 222 8 23 22 w
11 11 11 11 11 11 11 11 1 1 v
6 22 22 22 21 22 22 22 22 6 d
7 2 2 23 32 2 1 21 21 4 5
22 22 22 22 4 4 22 22 22 22 k
22 22 22 22 22 22 22 22 22 4 u
5 22 2 2 3 1 2 2 22 5 3
4 11 1 1 11 11 11 11 11 4 d
4 22 21 2 23 32 22 22 2 3 6
22 22 22 22 4 4 22 22 22 22 k
4 22 21 1 2 2 2 2 2 8 2
2 3 4 22 22 22 8 2 2 2 4
2 2 2 2 2 2 2 2 2 7 l
4 22 22 22 4 22 22 22 22 4 8
31 11 11 11 5 1 1 11 11 5 3
6 22 22 22 6 22 22 22 22 5 b
6 1 1 1 5 1 1 1 11 4 5
4 1 11 11 11 11 11 11 11 4 d
4 11 11 11 11 11 11 11 11 4 d
22 22 12 22 12 12 4 4 2 2 v
5 21 2 2 3 2 2 2 22 5 3
11 11 11 111 111 11 111 1111 1111 11 w
5 11 11 11 5 1 1 0 1 1 p
5 11 1 11 5 11 11 11 11 5 b
4 22 21 2 23 32 22 22 22 4 6
7 2 2 23 32 2 2 22 22 4 5
5 22 2 2 3 2 2 2 22 5 3
5 11 11 11 4 1 1 1 1 1 p
1 1 1 1 1 1 1 1 1 6 l
2 3 4 2 2 2 2 2 2 6 1
22 31 8 222 222 221 21 22 22 22 m
5 11 11 11 5 11 11 11 11 5 b
7 22 22 21 7 2 2 2 2 2 p
7 2 2 23 32 2 2 22 22 4 5
4 2 2 2 3 2 2 2 22 4 3
11 11 11 11 11 1 1 1 1 1 y
2 2 2 2 2 2 2 2 2 7 l
4 11 11 11 11 11 11 11 11 21 d
2 4 22 22 22 22 8 22 22 22 a
22 22 22 2 12 22 22 22 22 4 u
1 2 11 1 1 1 1 1 1 13 1
22 22 22 4 2 2 4 22 22 22 x
4 11 11 11 11 11 11 11 11 4 d
6 1 1 1 1 1 1 1 1 1 7
32 1 1 1 5 1 1 1 11 4 5
11 22 22 1111 111 111 111 11 11 11 m
4 11 1 1 1 1 1 1 11 4 c
6 1 1 1 1 1 1 1 1 1 7
5 11 11 11 5 1 1 1 1 1 p
4 22 21 2 13 32 21 22 22 4 6
7 22 12 12 7 5 22 22 22 22 r
1 2 11 1 1 1 1 1 1 4 1
22 22 21 22 8 22 22 22 22 22 h
5 11 11 11 5 11 11 11 11 5 b
7 1 1 2 2 2 2 2 2 2 7
22 22 22 22 222 222 221 8 33 22 w
6 2 2 23 32 2 2 22 22 4 5
6 1 1 1 1 1 1 1 1 1 7
22 22 22 22 24 22 22 22 22 22 h
22 33 8 122 122 212 22 22 22 22 m
2 11 11 11 11 6 11 11 11 11 a
8 2 2 2 2 2 2 2 2 2 t
5 11 11 11 5 11 11 11 11 5 b
7 1 1 1 1 1 0 0 1 1 t
2 11 11 11 11 6 11 11 11 11 a
2 11 11 11 11 6 11 11 1 11 a
11 11 11 11 11 11 11 11 1 4 u
6 1 1 1 1 1 1 1 1 1 7
4 12 22 2 2 2 2 2 2 8 2
2 3 4 22 22 22 8 2 2 2 4
7 2 2 2 2 2 2 2 2 2 t
22 22 22 22 8 22 22 22 22 22 h
1 2 11 11 11 11 6 1 1 1 4
22 22 22 22 222 222 222 25 33 22 w
3 11 11 11 5 11 11 11 11 5 b
5 11 11 11 5 11 11 11 11 5 b
7 21 21 22 7 5 22 22 22 22 r
22 22 22 22 8 22 22 22 22 22 h
7 1 1 1 1 1 1 1 1 1 t
1 2 11 11 11 11 6 1 1 1 4
2 3 4 2 2 2 2 1 2 6 1
5 2 1 2 3 2 2 2 22 5 3
2 2 1 2 2 2 2 2 2 7 l
22 22 22 22 22 22 22 22 22 4 u
22 32 42 42 122 222 24 23 23 22 n
7 22 22 21 7 2 2 2 2 2 p
22 22 22 22 8 12 12 22 22 22 h
5 12 22 22 7 2 2 2 2 2 p
2 11 11 11 5 11 11 11 11 5 b
22 22 12 12 222 222 222 7 33 22 w
3 1 1 1 5 11 11 11 11 4 6
6 1 1 1 5 1 1 1 11 12 5
3 1 1 1 3 11 1 11 11 4 6
11 1 1 11 2 2 11 11 11 11 x
2 3 4 22 21 22 8 2 2 2 4
5 22 2 2 3 0 1 0 22 5 3
4 11 11 11 5 1 1 1 1 3 9
7 22 22 21 7 2 2 2 2 2 p
5 11 11 11 5 1 1 1 1 1 p
6 1 1 1 1 1 1 1 1 1 7
5 11 11 11 5 11 11 11 11 5 b
7 2 2 23 31 0 0 2 21 4 5
22 22 22 22 122 222 222 8 33 22 w
1 2 11 11 11 11 6 1 1 1 4
11 11 11 11 11 11 11 11 11 4 u
3 1 1 1 1 1 1 11 11 3 j
6 22 22 22 6 22 22 22 22 6 b
6 1 1 1 5 1 1 1 11 4 5
22 22 22 22 22 22 4 4 2 2 v
22 22 22 4 2 2 3 21 22 22 x
4 11 11 11 4 11 11 11 11 4 8
24 1 1 1 1 1 1 1 1 1 t
3 22 22 2 2 2 2 2 2 8 2
11 11 11 11 11 11 11 11 1 1 v
11 21 21 111 111 11 11 12 12 11 n
2 2 2 2 2 2 2 2 2 7 l
11 11 11 11 2 2 11 11 1 11 x
2 4 22 22 22 22 8 22 12 22 a
7 2 2 23 32 2 2 22 22 4 5
2 3 4 22 22 22 8 2 2 2 4
6 1 1 1 1 1 1 1 1 1 7
1 2 11 11 11 11 6 1 1 1 4
4 1 1 1 2 1 1 1 1 6 2
11 1 1 1 5 11 11 11 11 4 6
4 22 22 22 23 32 2 12 22 3 9
22 22 22 22 22 22 4 4 2 2 v
22 22 22 4 2 2 4 22 21 22 x
11 11 11 111 111 111 111 1111 1111 11 w
6 22 12 22 22 22 22 22 22 6 d
22 22 22 22 222 222 222 8 33 22 w
4 11 11 11 4 11 11 11 11 4 8
7 22 22 22 7 2 2 2 2 2 p
14 22 22 22 6 2 2 22 22 6 3
22 22 22 4 1 2 4 22 22 22 x
11 1 2 2 2 2 2 12 22 2 j
4 22 22 22 23 32 2 12 22 4 9
11 11 11 11 11 11 11 11 1 1 v
11 21 21 111 111 111 111 12 12 11 n
4 22 22 21 4 22 22 22 22 4 8
4 11 11 1 1 11 11 11 11 4 d
2 11 11 11 11 6 11 1 11 11 a
4 11 11 11 11 11 11 11 11 4 d
4 11 11 1 2 1 1 1 1 6 2
1 1 1 1 1 1 1 1 1 6 l
3 1 1 1 1 1 1 11 11 1 j
2 4 22 22 22 22 8 22 22 22 a
22 22 22 4 2 2 2 2 2 2 y
4 2 2 1 2 2 1 12 22 3 j
4 11 11 1 3 1 1 11 11 4 3
4 22 22 22 4 22 22 22 12 4 3
1111 2121 2121 111111 111111 111111 111111 1212 1212 1111 n
1111 2121 2121 111111 111111 111111 111111 1212 1212 1111 a
2 11 1 11 11 6 11 11 11 11 n
4 22 22 22 4 22 22 22 22 4 8
4 1 1 1 4 1 1 0 1 3 9
4 22 21 2 13 21 22 22 22 4 6
4 22 22 22 4 22 22 2 12 4 8
22 22 22 4 2 2 4 22 21 11 x
7 22 22 22 7 5 22 22 22 22 r
22 22 22 22 22 22 22 22 22 4 u
22 22 22 22 222 222 222 6 32 22 w
1 2 11 1 1 1 1 1 1 5 1
2 4 22 22 22 22 8 22 22 22 a
7 2 2 23 22 2 2 22 22 4 5
2 3 3 1 2 2 2 2 2 6 1
1 3 4 2 2 2 2 2 2 6 1
5 22 21 2 2 2 2 21 22 5 c
6 1 1 1 5 1 1 1 11 4 5
11 11 11 11 2 2 11 11 11 11 x
11 11 11 11 2 2 11 11 11 11 x
11 21 21 21 21 22 22 22 22 4 u
22 12 11 22 22 22 22 22 22 4 u
4 11 11 11 4 11 11 11 11 4 8
